58
65
70
71
72
90
92
94
96
97
98
99
107
108
109
110
111
112
113
115
116
117
118
119
120
121
122
123
124
128
131
132
133
134
135
136
137
138
139
140
141
142
143
144
145
146
147
148
149
150
151
152
153
156
157
158
159
160
161
166
167
168
169
170
171
176
177
178
181
182
183
184
185
186
187
188
189
193
194
195
196
202
203
204
205
206
213
214
215
216
217
218
221
222
223
224
225
226
227
228
229
232
233
234
235
236
237
241
244
247
248
249
252
253
254
255
257
258
259
260
264
267
268
269
272
273
274
275
276
202
203
204
205
206
213
214
215
216
217
218
221
222
223
224
225
226
227
228
229
232
233
234
235
236
237
241
244
247
248
249
252
253
254
255
257
258
259
260
264
267
268
269
272
273
274
275
276
202
203
204
205
206
213
214
215
216
217
218
221
222
223
224
225
226
227
228
229
232
233
234
235
236
237
241
244
247
248
249
252
253
254
255
257
258
259
260
264
267
268
269
272
273
274
275
276
278
283
284
285
286
290
291
292
295
296
297
298
306
307
308
309
310
311
312
313
314
315
316
317
318
320
321
323
324
325
327
328
329
330
331
332
333
335
336
337
338
339
345
349
350
351
352
353
354
355
356
357
358
359
364
365
366
367
369
370
372
373
374
375
376
379
380
382
383
390
391
393
394
395
396
397
398
399
400
401
402
403
404
405
408
409
410
411
414
415
416
417
418
421
422
423
424
425
426
427
428
429
431
432
433
436
437
438
439
440
441
442
443
444
446
447
448
449
450
451
452
453
454
455
456
459
460
461
462
463
466
467
468
469
470
471
474
475
476
477
478
479
480
481
482
483
484
485
488
489
490
491
492
495
496
497
498
499
504
505
506
507
508
509
510
517
518
519
520
521
522
525
526
527
528
529
530
531
532
533
534
535
536
537
538
539
540
541
542
543
546
547
548
549
550
554
555
556
557
558
559
560
561
562
563
564
565
566
567
569
570
571
572
573
574
575
576
577
578
579
580
581
582
583
584
585
586
587
588
589
590
591
592
593
594
595
596
597
598
599
600
601
602
603
604
605
606
607
608
611
612
613
614
615
617
618
619
620
621
622
623
624
625
627
637
638
641
644
645
646
647
648
649
652
653
654
655
656
657
658
661
662
663
664
665
668
669
670
671
672
673
674
675
676
677
678
679
682
683
684
685
686
689
690
691
695
696
697
699
700
701
702
703
704
705
706
707
708
709
710
711
712
713
714
715
716
717
718
719
720
721
722
723
724
726
727
730
731
732
733
734
735
736
737
738
739
740
741
742
743
744
745
746
747
748
749
750
751
752
754
755
757
758
759
760
761
762
763
764
765
766
767
768
770
772
773
774
775
777
778
779
780
781
782
783
784
785
786
788
789
790
791
792
793
794
795
796
797
798
799
802
804
805
806
807
808
809
810
811
812
813
815
816
817
818
819
820
821
822
823
824
825
826
829
830
831
832
833
834
835
836
837
838
839
840
841
842
843
844
846
847
848
849
850
851
852
853
854
855
856
857
858
859
860
