90
92
94
96
97
98
99
112
113
115
118
119
120
121
122
124
128
321
323
324
325
327
328
329
330
331
335
337
339
345
349
350
351
352
353
354
355
356
357
358
359
364
365
366
367
369
370
372
373
374
375
376
379
380
382
383
390
391
393
394
395
396
397
398
399
400
401
402
404
405
408
409
410
411
414
415
416
417
418
421
422
423
424
425
426
427
428
429
431
432
433
436
437
438
439
440
441
442
443
444
446
684
685
686
689
690
691
695
696
697
699
700
701
702
703
704
705
706
707
708
709
710
711
712
713
714
715
716
717
718
719
720
721
722
723
724
730
731
732
733
734
735
736
737
738
739
740
741
742
743
744
745
746
747
748
749
750
751
752
754
755
757
758
761
762
763
764
765
766
767
768
770
772
773
774
775
777
778
779
780
781
782
784
785
786
788
789
790
791
792
793
794
795
797
798
799
805
807
808
809
811
812
813
