90	0.2674374721702125	0.23542679396169014	0.21863228675368174	0.17595325446998503	0.229345999744293	0.24410805387955575	
92	0.25681432205018606	0.23166803039006856	0.2153549469119913	0.17069222883290197	0.23530613010278345	0.229889062242933	
94	0.26275298779998985	0.21473477687134376	0.2277242720153747	0.17514652277803705	0.2199799755458471	0.2420345132637119	
96	0.26718929667847363	0.22020540853252812	0.21476615964734685	0.15741505940101377	0.21366834580663885	0.22903423539594703	
97	0.2529850368440106	0.22784509278545634	0.21113865318379213	0.16255121789709587	0.22093396448356073	0.23372890627776824	
98	0.2524824910747972	0.21486297074623456	0.2067574190154775	0.16463311565895172	0.23962586218144005	0.23589837966192995	
99	0.25515939495572454	0.22025964492931002	0.2117225857769265	0.1693786477586934	0.21437184813918492	0.23658400697039111	
112	0.2566709495024243	0.23240678271434956	0.2110119407412231	0.1717034133297326	0.19656871223825972	0.21115004970437384	
113	0.2318560333149568	0.24628456945060279	0.23834914938793034	0.18278247308326342	0.18470248738445988	0.2118416140609279	
115	0.24379949865690237	0.23166770690898045	0.2084158852317266	0.18035754960834993	0.20629622726925484	0.19790687793411893	
118	0.21406531380632862	0.18746080438313	0.23210731284692193	0.24288002585721563	0.2346841658559268	0.18331915491853235	
119	0.20549254798189648	0.18981237744400611	0.23371813821630993	0.247676059101083	0.2260556545004723	0.18679777570692796	
120	0.2103868661349695	0.18906085754951996	0.23785610833639906	0.238532158913771	0.23003128877445336	0.17590617356293392	
121	0.21468439547333637	0.1869325149790872	0.23226478676881035	0.24572733676892017	0.23025045653807202	0.17922003752978072	
122	0.2394471429910676	0.2450617037000799	0.220389340961538	0.19071011542151645	0.2017061366241341	0.2067712007297608	
124	0.24214245426029207	0.24408898956479094	0.21384674520130428	0.19547421937835546	0.1901225174973621	0.20972822981587594	
128	0.2467688095538612	0.2433973439502109	0.22348405714249403	0.17346716346350588	0.18490583592727888	0.20687815887960118	
321	0.1860990552810869	0.19120807475411425	0.20571212250484436	0.24107685062543277	0.2348315520084699	0.21851963304236627	
323	0.22865419058773012	0.18001054412025955	0.21037226038466642	0.23602374456026262	0.23792897360694779	0.23257159288813173	
324	0.2293603959925841	0.1591803034641773	0.2207059180795296	0.22257170638421556	0.25914206568184706	0.2201719157140002	
325	0.23337087763426384	0.15791289820686083	0.22613065058664877	0.21044863774057648	0.2686489630652545	0.2110859966404644	
327	0.22134294961254475	0.18758930287366077	0.2024565093400183	0.23206972472059728	0.24899186357920788	0.22158967198611645	
328	0.23078620331968172	0.18283900837075087	0.20946648499030296	0.23200592732995798	0.25707831044415513	0.21321834638078185	
329	0.22476410806974928	0.1802769939141171	0.20997674163088942	0.24218994310021236	0.25483790209720975	0.21469729180894512	
330	0.23963736240660988	0.17665605458126285	0.21488062078013156	0.2375303290441726	0.2662020770359825	0.22745137586171893	
331	0.23469492843187778	0.1842233452144823	0.21521072717037237	0.24117750361978277	0.2680147606696986	0.2386600545051893	
335	0.22749736156407924	0.1967061726128739	0.22170378335170457	0.25410905006922346	0.26279553147847623	0.2256702078996095	
337	0.17984052996538727	0.23836488338363704	0.25758503898500307	0.2546423350802328	0.22605404609027618	0.20482183050141806	
339	0.24288874101573277	0.17884113569771992	0.2602481921793196	0.2457307695350603	0.26022126971830234	0.22666072237073565	
345	0.25529833864080964	0.18870950401950326	0.2697688995010291	0.24764961517056322	0.2683261314231309	0.21902623488833994	
349	0.2657078768804522	0.19743947946565016	0.2122684084272995	0.2721504014081139	0.25813462661915215	0.24510844567614226	
350	0.2783048635938059	0.22600866964393312	0.1925807022467466	0.258052826943606	0.24748686731358258	0.25189519943993877	
351	0.27389251843678597	0.20503751371250922	0.21260260905025102	0.26182733482213916	0.26885262076986227	0.23060182982920516	
352	0.2546812669156231	0.2171630078430569	0.19084405825253908	0.25176034571423944	0.265786653923261	0.23854999014568384	
353	0.2614352864296024	0.2156827437138636	0.19208825686147094	0.24677969727721094	0.2580644233732663	0.232691707052887	
354	0.26677023998710786	0.21112159467410155	0.2011169964498249	0.2541092757158417	0.2445627597622499	0.23821232029065179	
355	0.2564213616344495	0.20896858098481275	0.2054068143439985	0.2569163799625744	0.26574282105269986	0.24085263670041646	
356	0.26575401114668423	0.21846623590167935	0.1998193731232271	0.24848407092672392	0.26913904423232854	0.22298478545935413	
357	0.256955489531679	0.20396237927106597	0.20520590957751847	0.24881707964753141	0.26013399703495627	0.2358242518376346	
358	0.2631978251010495	0.18864127346782625	0.2090943741631895	0.2519916339452904	0.2517040836968314	0.23776728892554683	
359	0.2552356827139664	0.19992173438171326	0.22146807329789922	0.23732852315891273	0.25847413550407383	0.23395882728364725	
364	0.24908488895474512	0.2276546927606492	0.1945484071917183	0.23668070379407835	0.2601265501800508	0.24996212436049595	
365	0.2513793864545338	0.206787210334761	0.1908177782573491	0.2374495962626803	0.2516830241824612	0.245153113570656	
366	0.2409208227624702	0.21923139932678026	0.17951878093677262	0.24020889532146805	0.2560343462063804	0.2490194932029357	
367	0.2245411573258832	0.21651580124256226	0.18161202438405713	0.23425496124718764	0.2630748505601143	0.24553264603530883	
369	0.21072168134274036	0.23901305038600798	0.17713660693312977	0.24280833729615736	0.2611533802750611	0.24976809141786221	
370	0.21729776910747073	0.22598865538020604	0.17395909703389734	0.24068727785006855	0.25279782717265586	0.2526808640140463	
372	0.22803058833621548	0.2143241747520258	0.17935021706730034	0.24933594692245076	0.2602576324889826	0.2371532278972771	
373	0.22418019091009989	0.21338927922670525	0.19420737897294954	0.2342642074782016	0.2736115961768843	0.2350061389870435	
374	0.22460306518426118	0.21057454229141592	0.17252941833245772	0.24191358566238735	0.2678382237516706	0.2356809838411072	
375	0.21372048088832063	0.22082618254795142	0.16417984471254682	0.2455934508222056	0.26238304143625535	0.23907636326056872	
376	0.2287502720583494	0.21409295898123612	0.18723969648670252	0.2198064360905677	0.26978151173110804	0.23629888815159814	
379	0.21835222078969874	0.1949353717803767	0.20586349044946195	0.2715685931736926	0.25400940025301333	0.22204022459666264	
380	0.21500611984394105	0.22111782744231273	0.1904125353531778	0.21344853714349835	0.26700550437999726	0.24894664239319708	
382	0.17907238446996832	0.22315688962499663	0.24862532803246828	0.26160245052210607	0.21555042402382632	0.22223111172243745	
383	0.20900556246714747	0.22632515011135335	0.1778818842394315	0.22115313445107512	0.2607919297900498	0.25164819149783774	
390	0.18666901373074377	0.2543026665006972	0.2505688751494081	0.22409458605655863	0.22412022921287122	0.1865452257327407	
391	0.20911785456045492	0.22955553842769186	0.17983785578399888	0.21443353921506786	0.23678869856193935	0.26052695832226946	
393	0.22223640953122137	0.21492695616895344	0.18563214936476116	0.1920426166577495	0.26636489609520797	0.2419260092396497	
394	0.2146609467659735	0.21211244294239598	0.1869182949738047	0.18795404394169327	0.2632505661218128	0.25782218156791026	
395	0.2046784517939541	0.22708200529282901	0.17465931346056013	0.21196105168551993	0.2625862075832671	0.2560384044400812	
396	0.19763018281058475	0.2192384011506472	0.17667544721610812	0.1999626883418017	0.2567342216635419	0.253565115742634	
397	0.2078323603345452	0.21877343302665064	0.18035440477936393	0.20320198857325644	0.24845417359460484	0.25420533397129136	
398	0.20923962329626583	0.22210469636149116	0.16590721029424252	0.2080400406524548	0.25075212401119223	0.24667091928727458	
399	0.21963200296274832	0.22508702198542588	0.1785645657496812	0.19014560957102075	0.2551116944012955	0.24751657214915404	
400	0.20364145700874922	0.2286765313795364	0.17979985110426386	0.1847234916797159	0.25790695267755875	0.2543025312122414	
401	0.20612949612397038	0.21658353311505701	0.18609277213316963	0.18964219032319193	0.25926548702202706	0.2501927594156027	
402	0.2154171577093061	0.20618009127003536	0.1874935950697818	0.17977437418894315	0.2588080864339336	0.24781539963980215	
404	0.17887784889069078	0.23568283065965523	0.24358940862950662	0.24008338178299468	0.20335851217003514	0.1821310998710172	
405	0.21038688212526818	0.2127211327580391	0.16543823609454633	0.21816364105795763	0.24418791748473864	0.2532071185964127	
408	0.24585892737686638	0.1946767854598024	0.19016353903068342	0.16804115820024174	0.24256640843224375	0.2528690698663361	
409	0.23364064141632734	0.2019696615488955	0.19091964419295857	0.19121313385361594	0.2357336444634908	0.25637849248090244	
410	0.23041202321328824	0.2215590065011054	0.195022511890997	0.17352848028416828	0.23660855576349848	0.25107561095440556	
411	0.22169125074594492	0.23158453045609179	0.19116772582595734	0.1819574577531128	0.23704444726260482	0.24777629216162902	
414	0.23783251225535457	0.20830488751571985	0.1973174503186376	0.17413438784945676	0.24088832986687153	0.2538127541886213	
415	0.23427653263117854	0.21161487119625744	0.20337414995166322	0.17297236487372383	0.23796052787002325	0.25530159709564576	
416	0.24217244633797574	0.2160323710826088	0.19932511072325454	0.1684550022232606	0.23446544960492985	0.2524765753030273	
417	0.24654282799687705	0.2086993488038643	0.20311991239610894	0.16279462815723053	0.23165043099119773	0.23804745675025524	
418	0.222537325477581	0.226195490983224	0.175327406649326	0.1870518091257245	0.23770785041191483	0.24352127250768618	
421	0.23696198425577886	0.20717351230887537	0.2213797249225544	0.16501144322704217	0.2510084692990849	0.23644806073778585	
422	0.22694705210946814	0.2192587341184431	0.195699747377844	0.18551018807074143	0.24736175473281324	0.24480290488704468	
423	0.23902218701512512	0.21665154800378691	0.20862020839708298	0.17430739185059607	0.25879820494115907	0.23843490298069356	
424	0.23182407893836554	0.21845132959593444	0.22015400605331992	0.17928641702286463	0.2271208043049629	0.24597116100565292	
425	0.24309863805169113	0.21606020637837295	0.216252538383735	0.1836073075505463	0.23958225330816033	0.24769327257038926	
426	0.2461697940364208	0.21868534183463004	0.20411031158203088	0.17559647567488817	0.24964510826149267	0.22918910660047254	
427	0.23914249385502367	0.22442784460940413	0.22041258081669984	0.164469633828314	0.2382565901026229	0.24173078915998703	
428	0.2469086728090022	0.2117448145074401	0.21897357567122136	0.1543147467934121	0.24666887286300446	0.22993265254097844	
429	0.24827989160286393	0.21312080028997712	0.2127730560294177	0.16853781446358643	0.23811909021688155	0.23586581028409348	
431	0.2399129822463516	0.21764393678140437	0.19576344713860655	0.1850945566167721	0.24207292095947713	0.25033846347168837	
432	0.24526645460180518	0.21753285122069646	0.19912400298124378	0.1842478562072697	0.25487700851593414	0.24823895292610954	
433	0.2714540431609808	0.21258290622797063	0.21218037427756758	0.17743409567669555	0.24946819281118227	0.23380921750904643	
436	0.24514192814215244	0.20649265435080277	0.2318260473677798	0.1780947381401498	0.22857634024412102	0.24388691285727507	
437	0.25148609709844316	0.22507526914778753	0.2259014961671684	0.16271811970358574	0.24213654046130528	0.2388935607230376	
438	0.24632037510839058	0.22033672796894727	0.21687775928755235	0.1559182512786287	0.23339541617563683	0.2409636206363216	
439	0.2493764982868369	0.21884655068113484	0.2211956476922351	0.16174508466755425	0.22260941141788873	0.2486838130554097	
440	0.25897808039133463	0.19944386983035012	0.22037325010527722	0.1665743667185874	0.22962627586647083	0.237553308050177	
441	0.2630383410581209	0.20312456198975853	0.24201528521143278	0.16238675354692153	0.22892498445823323	0.23418873278997296	
442	0.241977882450279	0.22029701101934734	0.2324528106641799	0.17566029493254845	0.2236840821539151	0.2506811407071595	
443	0.2650608131207588	0.21030909571134554	0.23057762059776266	0.16616473440361793	0.2289253037799982	0.24196783962985857	
444	0.2620936571456415	0.22920261601493133	0.22377949672297578	0.1612213081856759	0.2177878120334367	0.24334335468298826	
446	0.25984919918016147	0.2363840328144461	0.23120916617379206	0.15896536135986797	0.23216748858529296	0.24084316291618907	
684	0.23967589828594588	0.17116327310476223	0.2485283056018111	0.2198642651325812	0.24831119597746987	0.20856965747928163	
685	0.2441201611394333	0.18915587898298036	0.21261499324628758	0.22725838123901004	0.24268050894975632	0.2175641981995155	
686	0.24231439657102044	0.1866100677209464	0.22138863043581136	0.2281515729687179	0.23775022590568345	0.2284780137696667	
689	0.24306665864240226	0.1965200612071933	0.20666467271057065	0.2188499485395267	0.24787278160817236	0.23214009684411516	
690	0.2453128619022396	0.19387404627032173	0.20890890532628814	0.21454067520310072	0.2622112734278379	0.2215243198112328	
691	0.2008023125481896	0.21645173808966645	0.24691255752172434	0.24420144257537665	0.23806694183357813	0.194565651211213	
695	0.25948765420322417	0.19632207805175875	0.21329954871727533	0.216306046419516	0.2609505747333437	0.22733332230694192	
696	0.2541051441646702	0.20432412747856524	0.20089743365379148	0.22543145095892575	0.2526120245812898	0.24724335221360794	
697	0.2582887807421934	0.20897016530103313	0.1850141731043414	0.2259685901317174	0.2561124399977468	0.2490919267887734	
699	0.2675771901469382	0.1926011401937463	0.20995277704233967	0.22734043078273106	0.2706087941233797	0.22311141904992307	
700	0.25237316264387744	0.2058915434565631	0.20810012668100708	0.23138398081022854	0.2534545427528037	0.23902533030731546	
701	0.25327693602628243	0.20683766148729693	0.19257342157403112	0.2452469825300542	0.24897804528854398	0.2483367359632415	
702	0.24637634182437335	0.21862363308365113	0.19777740507303831	0.24933742529547148	0.2511476665419906	0.2432445761656916	
703	0.2480895104717486	0.2146671829308548	0.20274614496011364	0.24947661995460346	0.25313788232913176	0.2446777516635279	
704	0.24739790313048785	0.2072661394224543	0.20964434386075825	0.24358873604051756	0.26481747601555233	0.22916902152383903	
705	0.2428121556417596	0.2007321392350409	0.20569202989662813	0.24617347635296244	0.2708809010319067	0.23816601297950335	
706	0.2412043443696586	0.22260797654811837	0.2092562547327546	0.2539151450858251	0.26316943126105957	0.23692840014484498	
707	0.23641405711598923	0.22321947017197816	0.23159523368232604	0.24889710696281536	0.2721583620747128	0.23241612496608965	
708	0.22543066778820414	0.23137034918597463	0.1969249145557437	0.25994322865227154	0.2501769495055739	0.2551712592634192	
709	0.2430114888010383	0.2256761528025366	0.19900008276374268	0.2545104138581857	0.2585866121707728	0.24465046826934345	
710	0.2512255300450065	0.21873175347459672	0.20564529249492838	0.2390342422690083	0.2708933743779646	0.24389903702248134	
711	0.23767729692385783	0.24567815537668874	0.20150719080015914	0.24524682187652902	0.2511325780092887	0.2603980011565692	
712	0.2603699139749406	0.20577117692445643	0.21611623613138348	0.2456534876006577	0.26128125227361443	0.23446660861339053	
713	0.2440491441900662	0.24580722669059404	0.18886833608486694	0.25126797701612547	0.2454329988201559	0.2553386572376028	
714	0.23970745458909476	0.2473124108814984	0.18534307951750464	0.22908238870574096	0.25648937727587534	0.24282708054129432	
715	0.2321339286082348	0.23815838858525798	0.1840448099685421	0.23561690254876744	0.25009925063592475	0.25641201811643394	
716	0.24072489537160502	0.19041794154593894	0.21361365205826888	0.25343427228817944	0.2510432370818041	0.226071315740832	
717	0.2350738301045035	0.22414293395697138	0.18067531655072763	0.24284481457132642	0.2529285528822622	0.24266560971697118	
718	0.23283056479360476	0.23411299201235458	0.17281341800668032	0.2523998245382917	0.2565346447260382	0.24576832709251498	
719	0.2293092119600603	0.23283308026703928	0.1885929892667753	0.22999963954185154	0.261990988122435	0.2472566622799779	
720	0.2399149689090978	0.23620449989322204	0.19100853134337345	0.24464027152620918	0.25947923965899494	0.2411841183510078	
721	0.22138928495474375	0.24812225475270408	0.18874655917325084	0.256139879678503	0.2520913693960345	0.24222436025172836	
722	0.21962997955039998	0.24738424830945768	0.18611749645680783	0.24027828922646807	0.24739109455992112	0.25801168066730795	
723	0.22881681749700217	0.24870127593761188	0.19258451723495557	0.244445636682521	0.24126745390923335	0.25178767321576206	
724	0.23267431204706127	0.24139230601557743	0.1943749877606065	0.22457732509880646	0.24740448877422183	0.2464925245135177	
730	0.23339962978865741	0.23949241151488027	0.16774426548300322	0.22620667269596756	0.25203340079010345	0.25876012284727384	
731	0.2298697021495377	0.23737692588712042	0.16622903192137053	0.2174131916661899	0.2579950366693125	0.2546655490495936	
732	0.22620790848013023	0.24120327021172114	0.1753968731614253	0.22017972717394763	0.2377502183537041	0.25298986314291433	
733	0.22616135715274002	0.22882094215052506	0.1855232709858555	0.20460687926259244	0.24689219115225827	0.2529159081280678	
734	0.2397643763057145	0.22422326206939874	0.18717339907097794	0.21506805566481416	0.24307493048736525	0.24295567526457618	
735	0.22229522864682266	0.24512165035774483	0.1701641614521012	0.2350515305266885	0.22936643286660144	0.25514719210984105	
736	0.22691502722175833	0.23383690583895972	0.18791895718621177	0.2153739971610587	0.2461552811963356	0.24262478970307183	
737	0.23031427320500075	0.23394967631384864	0.185208511476464	0.20542479240978964	0.23929471507999694	0.25830374172986964	
738	0.22740356249258586	0.24490250759907087	0.18140435627634727	0.22240341620703927	0.23040244193624013	0.259467224748039	
739	0.22579311828769605	0.23712887377523562	0.18479082755278972	0.21370844607592693	0.2433979537609105	0.25496118386349437	
740	0.22063099535812108	0.2429006801918364	0.17723019913365673	0.22345366885574697	0.2441719979615662	0.24958981105738737	
741	0.2274718998458139	0.24407931270723596	0.18225950258683535	0.21685936300829783	0.2432276220856672	0.24962489609061977	
742	0.24562857608289648	0.2297242072290631	0.20315942678417176	0.1971302739406036	0.25619223589391266	0.24069318056077738	
743	0.22685442678564233	0.2420211890186151	0.1857940098711442	0.20862634434539715	0.24302855210237817	0.25980217751594986	
744	0.22934746597067074	0.20514910770672565	0.17865051250411576	0.22759641152788448	0.25408727586923396	0.24989818775329123	
745	0.24978860577785042	0.19623495890757653	0.1893479151919475	0.24455616972347397	0.24126152194869566	0.23572916730844917	
746	0.230408228548066	0.2362394483263305	0.19763997156633534	0.19031303291393295	0.2571313302167421	0.2369082799525855	
747	0.21005026801739385	0.24375226788724316	0.182747350028187	0.21337973607451816	0.23884311478428322	0.261657295480593	
748	0.22913299424067343	0.22650382793788665	0.20817362263025704	0.194531836848961	0.23830273386937975	0.2590781452977207	
749	0.2255288292776711	0.2284668277559192	0.19745941193058006	0.20240660718660153	0.24012094112648213	0.24810654169984475	
750	0.2145495237473597	0.23833783072809953	0.19248542027158008	0.20783016756602674	0.2515669446460095	0.24920361081944703	
751	0.2233076796250184	0.21844179867358696	0.2131674725156493	0.1868176637123464	0.2420526520740925	0.2554643846934328	
752	0.24110561723023463	0.2135602770057646	0.21000726254360713	0.1881883946829339	0.2469967224589982	0.2506429087976106	
754	0.2290730672955454	0.21800494973442708	0.20449129918099293	0.19219906646696397	0.2400744137852644	0.25854032567007956	
755	0.238592796861077	0.2121517991242135	0.2075545074680765	0.1821041677174124	0.2558881650526445	0.24437486329830935	
757	0.23320475576211094	0.22195857042733397	0.20657649754138485	0.16392257098337357	0.2434162229720709	0.25107951020758934	
758	0.23864449189090098	0.21778995576137458	0.1982725516251609	0.18137178542861848	0.25414157599414156	0.24937628715470295	
761	0.1685605255194107	0.25996304361118616	0.24401800995393375	0.23104977029364152	0.21630771774279767	0.18948895060831447	
762	0.24854367032395439	0.21348738644847862	0.21628877910746613	0.15563558845298153	0.25124195356011025	0.24169665933500784	
763	0.23993505555844663	0.21694269612998174	0.22042947204864	0.16330582134671687	0.24680849699258856	0.2591896580562944	
764	0.24122192514029353	0.21932048053564884	0.21714525422581177	0.17030480289267252	0.2491721165110146	0.24820653281048682	
765	0.24433037965070073	0.2240086591932392	0.2152012595630103	0.16599881465216743	0.24865946244083698	0.24015988960594303	
766	0.2584312268661656	0.21440588765122445	0.2238851103303528	0.16692733822844913	0.24475885680325923	0.24555954247742617	
767	0.23086177146977074	0.23192432579320824	0.19753349650841773	0.17704464821158086	0.24193854754238003	0.2526763006604359	
768	0.2418022509863468	0.22083206726975962	0.21326342261876738	0.16437916514548956	0.245994743357197	0.2539502758484341	
770	0.24546800835405178	0.21710267502962657	0.21871825217250945	0.18500230080421257	0.25784342534772	0.25610238075577224	
772	0.2250967942405881	0.16276217866817938	0.2466234411472481	0.23889058216986436	0.2521985637789212	0.2046606904709425	
773	0.2554514610806339	0.2060635460989212	0.2105038865792555	0.18407210338697116	0.22809405157657234	0.24866749887032605	
774	0.25910019720128485	0.2020512126891271	0.2295891396782898	0.18211173807383702	0.23967279773588301	0.2361445341900717	
775	0.2644223308702247	0.20866317877507415	0.23430750584460208	0.18063954686915748	0.23718984578873026	0.23934093413889793	
777	0.255108163626549	0.20933771244576843	0.23799900459211834	0.17823561450559447	0.22462504844136505	0.25658392422995807	
778	0.2429889849810149	0.21734117949911966	0.2248207726272556	0.16850797674850335	0.24627058872102228	0.24322761787531583	
779	0.25069031754857896	0.20317118059898387	0.22642524932493766	0.17262462627546804	0.24907663227966165	0.2403195602469662	
780	0.24986343026769856	0.21929537208846572	0.21643636250880327	0.1858623890589032	0.22587378988066456	0.24593851351890525	
781	0.2483580533751813	0.22931512210844623	0.21894636721634164	0.16570708218174357	0.22482324204582538	0.2437656578197877	
782	0.2575735682148163	0.22489974715960515	0.2204221505634662	0.1694374140343209	0.23161786084494979	0.24826697290778718	
784	0.19377066411460447	0.2473358216937936	0.2513139023471689	0.23049637035615347	0.2276758448742045	0.18637953297024568	
785	0.27378107130343887	0.20971351910503178	0.23922570627671705	0.1727410435949416	0.22121267965206165	0.24698621311574204	
786	0.26252688764232673	0.20967906654339807	0.23011426289731468	0.1629620121441238	0.21818272821146764	0.2446786465378864	
788	0.2733138554909143	0.21000710393942285	0.23729381733185698	0.18221581468050685	0.20393023033633856	0.23011598051219917	
789	0.17837155703161223	0.2344015851381419	0.25442973811809927	0.22316434988641867	0.23171716390398692	0.20395454254370912	
790	0.25685507585218326	0.20480891332671575	0.25293846465757375	0.16588708135450583	0.22358424375666353	0.2567481388327123	
791	0.2747648317328845	0.2005197630972577	0.2435938422028719	0.17874218827240265	0.2058585622793262	0.2435901777236077	
792	0.26800758154838616	0.20486476251586203	0.24472562453521388	0.17354536028023473	0.21556962868779175	0.24231077427688552	
793	0.2524904718229604	0.20766899664256752	0.23484455823941525	0.1725376033433437	0.21727500498286545	0.24326838858874408	
794	0.2622142606728004	0.20794285553328354	0.23504989089869532	0.1770105698780387	0.21340403842630004	0.24813187044792318	
795	0.2555192939322722	0.2197605265951001	0.2274773487491733	0.1813905690584	0.20444534624554492	0.2497553979383542	
797	0.26040224599219963	0.21495594159849765	0.2246893640158153	0.17957593811215816	0.20423629268562238	0.2307437465973495	
798	0.266033866155166	0.21429656142061793	0.22790479580116457	0.1789705922974465	0.1950538624732941	0.24250788967406398	
799	0.2575867947344316	0.21707921799583935	0.22085350698084333	0.17931047041223458	0.19273771975864362	0.2584008488439024	
805	0.23774342190794018	0.2385322880194911	0.21450644587619264	0.1952613645765768	0.1715366915709641	0.24736163586805243	
807	0.2521316455075328	0.2190588848970494	0.21681455087289425	0.16054493379084053	0.18743646700351757	0.2493287375518678	
808	0.2539083357036627	0.23060041579572138	0.21643949634835702	0.17238173082929312	0.18902028764205006	0.24529465343272305	
809	0.26068872547489363	0.22764638790694064	0.2321021967532064	0.171127312578938	0.18414888395245577	0.25458304071177706	
811	0.2352832345549784	0.20961960947055436	0.21438658388592907	0.1702345742092014	0.24562775992390243	0.24851973352136356	
812	0.25961706016160124	0.21665888819081888	0.23198232085279963	0.18424960506104246	0.19369021510597145	0.23372050542821007	
813	0.2548481908648364	0.22290748175112837	0.22218630880933868	0.19014189799214196	0.19283025198055642	0.24512648349560248	
